1
root
512
0
0
-1
-1
-1
5
-1
-1
-1
-1
-1
-1
-1
3
even.xsm
144
0
-1
-1
-1
-1
69
-1
-1
-1
-1
-1
-1
-1
3
odd.xsm
760
0
-1
-1
-1
-1
70
71
-1
-1
-1
-1
-1
-1
3
prime.xsm
356
0
-1
-1
-1
-1
72
-1
-1
-1
-1
-1
-1
-1
3
gcd.xsm
288
0
-1
-1
-1
-1
73
-1
-1
-1
-1
-1
-1
-1
3
sort.xsm
326
0
-1
-1
-1
-1
74
-1
-1
-1
-1
-1
-1
-1
3
l_list.xsm
588
0
-1
-1
-1
-1
75
76
-1
-1
-1
-1
-1
-1
3
sample.xsm
178
0
-1
-1
-1
-1
77
-1
-1
-1
-1
-1
-1
-1
3
shell.xsm
952
0
-1
-1
-1
-1
78
79
-1
-1
-1
-1
-1
-1
3
ll.xsm
514
0
-1
-1
-1
-1
80
81
-1
-1
-1
-1
-1
-1
3
oddev.xsm
170
0
-1
-1
-1
-1
82
-1
-1
-1
-1
-1
-1
-1
3
child1.xsm
512
0
-1
-1
-1
-1
83
84
-1
-1
-1
-1
-1
-1
3
child2.xsm
1708
0
-1
-1
-1
-1
85
86
87
88
-1
-1
-1
-1
3
parent.xsm
270
0
-1
-1
-1
-1
89
-1
-1
-1
-1
-1
-1
-1
3
pid.xsm
130
0
-1
-1
-1
-1
90
-1
-1
-1
-1
-1
-1
-1
3
shell2.xsm
386
0
-1
-1
-1
-1
91
-1
-1
-1
-1
-1
-1
-1
3
sem.xsm
940
0
-1
-1
-1
-1
92
93
-1
-1
-1
-1
-1
-1
3
sem_test.xsm
786
0
-1
-1
-1
-1
94
95
-1
-1
-1
-1
-1
-1
3
merge.xsm
1150
0
-1
-1
-1
-1
96
97
98
-1
-1
-1
-1
-1
3
merge2.xsm
1846
0
-1
-1
-1
-1
99
100
101
102
-1
-1
-1
-1
3
sem2.xsm
946
0
-1
-1
-1
-1
103
104
-1
-1
-1
-1
-1
-1
3
f_test.xsm
504
0
-1
-1
-1
-1
105
-1
-1
-1
-1
-1
-1
-1
3
f_read.xsm
376
0
-1
-1
-1
-1
106
-1
-1
-1
-1
-1
-1
-1
3
f_write.xsm
278
0
-1
-1
-1
-1
107
-1
-1
-1
-1
-1
-1
-1
3
f_write2.xsm
474
0
-1
-1
-1
-1
108
-1
-1
-1
-1
-1
-1
-1
3
readsem.xsm
536
0
-1
-1
-1
-1
109
110
-1
-1
-1
-1
-1
-1
3
writesem.xsm
1086
0
-1
-1
-1
-1
111
112
113
-1
-1
-1
-1
-1
3
f_sem.xsm
2046
0
-1
-1
-1
-1
114
115
116
117
-1
-1
-1
-1
3
pg_test1.xsm
538
0
-1
-1
-1
-1
118
119
-1
-1
-1
-1
-1
-1
3
pgm1.xsm
948
0
-1
-1
-1
-1
120
121
-1
-1
-1
-1
-1
-1
3
pg_test2.xsm
546
0
-1
-1
-1
-1
122
123
-1
-1
-1
-1
-1
-1
3
pgm2.xsm
570
0
-1
-1
-1
-1
124
125
-1
-1
-1
-1
-1
-1
3
rm.xsm
186
0
-1
-1
-1
-1
126
-1
-1
-1
-1
-1
-1
-1
3
ls.xsm
306
0
-1
-1
-1
-1
127
-1
-1
-1
-1
-1
-1
-1
3
cp.xsm
512
0
-1
-1
-1
-1
128
129
-1
-1
-1
-1
-1
-1
3
cat.xsm
84
0
-1
-1
-1
-1
130
-1
-1
-1
-1
-1
-1
-1
2
sample.dat
56
1
1
-1
-1
-1
131
-1
-1
-1
-1
-1
-1
-1
2
sample2.dat
9
1
1
-1
-1
-1
132
-1
-1
-1
-1
-1
-1
-1
-1
-1
0
-1
-1
-1
-1
-1
-1
-1
-1
-1
-1
-1
-1
-1
-1
-1
0
-1
-1
-1
-1
-1
-1
-1
-1
-1
-1
-1
-1
-1
-1
-1
0
-1
-1
-1
-1
-1
-1
-1
-1
-1
-1
-1
-1
-1
-1
-1
0
-1
-1
-1
-1
-1
-1
-1
-1
-1
-1
-1
-1
-1
-1
-1
0
-1
-1
-1
-1
-1
-1
-1
-1
-1
-1
-1
-1
-1
-1
-1
0
-1
-1
-1
-1
-1
-1
-1
-1
-1
-1
-1
-1
-1
-1
-1
0
-1
-1
-1
-1
-1
-1
-1
-1
-1
-1
-1
-1
-1
-1
-1
0
-1
-1
-1
-1
-1
-1
-1
-1
-1
-1
-1
-1
-1
-1
-1
0
-1
-1
-1
-1
-1
-1
-1
-1
-1
-1
-1
-1
-1
-1
-1
0
-1
-1
-1
-1
-1
-1
-1
-1
-1
-1
-1
-1
-1
-1
-1
0
-1
-1
-1
-1
-1
-1
-1
-1
-1
-1
-1
-1
-1
-1
-1
0
-1
-1
-1
-1
-1
-1
-1
-1
-1
-1
-1
-1
-1
-1
-1
0
-1
-1
-1
-1
-1
-1
-1
-1
-1
-1
-1
-1
-1
-1
-1
0
-1
-1
-1
-1
-1
-1
-1
-1
-1
-1
-1
-1
-1
-1
-1
0
-1
-1
-1
-1
-1
-1
-1
-1
-1
-1
-1
-1
-1
-1
-1
0
-1
-1
-1
-1
-1
-1
-1
-1
-1
-1
-1
-1
-1
-1
-1
0
-1
-1
-1
-1
-1
-1
-1
-1
-1
-1
-1
-1
-1
-1
-1
0
-1
-1
-1
-1
-1
-1
-1
-1
-1
-1
-1
-1
-1
-1
-1
0
-1
-1
-1
-1
-1
-1
-1
-1
-1
-1
-1
-1
-1
-1
-1
0
-1
-1
-1
-1
-1
-1
-1
-1
-1
-1
-1
-1
-1
-1
-1
0
-1
-1
-1
-1
-1
-1
-1
-1
-1
-1
-1
-1
-1
-1
-1
0
-1
-1
-1
-1
-1
-1
-1
-1
-1
-1
-1
-1
-1
kernel
-1
root
452
-1
-1
-1
-1
-1
-1
-1
-1
-1
-1
-1
-1
-1
-1
-1
-1
-1
-1
-1
-1
-1
-1
-1
-1
-1
-1
-1
-1
-1
-1
-1
-1
-1
-1
-1
-1
-1
-1
-1
-1
-1
-1
-1
-1
-1
-1
-1
-1
-1
-1
-1
-1
-1
-1
-1
-1
-1
-1
-1
-1
